image: mapaV1.pgm
resolution: 0.050000
origin: [-5.340307, -3.970393, 0.000000]
negate: 0
occupied_thresh: 0.65
free_thresh: 0.196

