image: amr_uv_29_06_map_test1.pgm
resolution: 0.050000
origin: [-3.401961, -4.988019, 0.000000]
negate: 0
occupied_thresh: 0.65
free_thresh: 0.196

