zeros:
  HeadYaw: 0
  HeadPitch: 0
  HipRoll: 0
  HipPitch: 0
  KneePitch: 0
  LShoulderPitch: 1.236
  LShoulderRoll: 0.37
  LElbowYaw: 0
  LElbowRoll: -0.785
  LWristYaw: 0
  LHand: 0.5
  RShoulderPitch: 1.255
  RShoulderRoll: -0.397
  RElbowYaw: 0
  RElbowRoll: 0.785
  RWristYaw: 0
  RHand: 0.5
  RFinger41: 0.4363325
  LFinger42: 0.4363325
  RFinger12: 0.4363325
  LFinger33: 0.4363325
  RFinger31: 0.4363325
  LFinger21: 0.4363325
  RFinger32: 0.4363325
  LFinger13: 0.4363325
  LFinger32: 0.4363325
  LFinger11: 0.4363325
  RFinger22: 0.4363325
  RFinger13: 0.4363325
  LFinger22: 0.4363325
  RFinger21: 0.4363325
  LFinger41: 0.4363325
  LFinger12: 0.4363325
  RFinger23: 0.4363325
  RFinger11: 0.4363325
  LFinger23: 0.4363325
  LFinger43: 0.4363325
  RFinger43: 0.4363325
  RFinger42: 0.4363325
  LFinger31: 0.4363325
  RFinger33: 0.4363325
  LThumb1: 0.4363325
  RThumb2: 0.4363325
  RThumb1: 0.4363325
  LThumb2: 0.4363325
  WheelFL: 0
  WheelB: 0
  WheelFR: 0
