image: /home/cidis/Escritorio/pasillo.pgm
resolution: 0.050000
origin: [-9.901869, -5.160152, 0.000000]
negate: 0
occupied_thresh: 0.65
free_thresh: 0.196

