image: mapa_sim.pgm
resolution: 0.050000
origin: [-5.253112, -3.985279, 0.000000]
negate: 0
occupied_thresh: 0.65
free_thresh: 0.196

